# Created by Octave 4.0.1, Tue Jun 14 21:28:48 2016 CST <c34031328@localhost.localdomain>
# name: D
# type: matrix
# rows: 4
# columns: 2
 175000 2540000
 175102.23 2539550.87
 175753.45 2539702
 175755.12 2540014.94


# name: F
# type: matrix
# rows: 1
# columns: 2
 51.11499999999069 -224.5649999999441


# name: J
# type: matrix
# rows: 2
# columns: 3
 175000 175755.12 175753.45
 2540000 2540014.94 2539702


# name: K
# type: matrix
# rows: 2
# columns: 3
 175000 175102.23 175753.45
 2540000 2539550.87 2539702


# name: P
# type: matrix
# rows: 4
# columns: 2
 0 0
 102.2300000000105 -449.1299999998882
 753.4500000000116 -298
 755.1199999999953 14.93999999994412


# name: P0
# type: matrix
# rows: 4
# columns: 2
 175000 2540000
 175102.23 2539550.87
 175753.45 2539702
 175755.12 2540014.94


# name: a
# type: matrix
# rows: 1
# columns: 3
 704.0050000000047 -239.5049999998882 0


# name: ab
# type: matrix
# rows: 1
# columns: 2
 297.2200000000012 53.20000000018626


# name: ans
# type: matrix
# rows: 1
# columns: 2
 175677.686609443 2539684.417430032


# name: b
# type: matrix
# rows: 1
# columns: 3
 -702.335000000021 -73.43500000005588 -307932.4584999244


# name: c
# type: matrix
# rows: 1
# columns: 3
 1406.340000000026 -166.0699999998324 -307932.4584999244


# name: d
# type: matrix
# rows: 1
# columns: 3
 1 -0.005336486227340704 755.0402728957591


# name: e
# type: matrix
# rows: 2
# columns: 2
 1406.340000000026 -166.0699999998324
 1 -0.005336486227340704


# name: f
# type: matrix
# rows: 2
# columns: 1
 -307932.4584999244
 755.0402728957591


# name: r
# type: scalar
0.005336486227340704


# name: x
# type: matrix
# rows: 2
# columns: 2
 1 2
 3 4


