# Created by Octave 4.0.0, Sun Apr 03 20:37:31 2016 CST <c34031328@localhost.localdomain>
# name: ans
# type: scalar
2.449489742783178


# name: d1
# type: scalar
67.836


# name: d2
# type: scalar
125.003


# name: d3
# type: scalar
84.06739505841206


# name: rho
# type: scalar
206264.8


# name: si
# type: scalar
0.003


# name: st
# type: scalar
0.003


