# Created by Octave 4.0.1, Sat Jun 04 14:35:16 2016 CST <c34031328@localhost.localdomain>
# name: A
# type: scalar
263.453


# name: A1
# type: matrix
# rows: 1
# columns: 3
 1 -1 1


# name: A2
# type: matrix
# rows: 2
# columns: 3
 1 -1 0
 0 1 -1


# name: A22
# type: matrix
# rows: 3
# columns: 4
 1 -1 0 0
 0 1 -1 0
 0 0 1 -1


# name: A3
# type: matrix
# rows: 6
# columns: 10
 1 1 1 1 0 0 0 0 0 0
 0 0 0 0 1 1 0 0 0 0
 0 0 0 1 0 0 0 0 0 0
 1 0 0 1 0 0 0 1 0 0
 1 0 0 0 0 0 0 0 1 0
 0 0 0 0 0 0 0 0 0 1


# name: A4
# type: matrix
# rows: 3
# columns: 6
 0 0 1 1 1 0
 0 0 0 0 1 1
 1 1 0 0 1 0


# name: A5
# type: matrix
# rows: 9
# columns: 14
 1 0 0 0 0 0 0 0 0 1 -1 0 0 0
 1 0 1 0 0 -1 0 0 0 0 0 0 0 0
 0 0 -1 0 0 0 0 0 0 1 0 0 1 0
 0 1 1 0 0 0 0 0 0 0 0 -1 0 0
 0 1 0 1 -1 0 0 0 0 0 0 0 0 0
 0 0 0 0 1 0 1 0 0 0 0 -1 0 0
 0 0 0 0 0 0 0 0 -1 0 0 0 1 1
 0 0 0 0 0 0 1 -1 0 0 0 0 0 1
 1 -1 0 0 0 0 0 0 0 0 0 0 0 0


# name: B
# type: scalar
294.873


# name: K
# type: matrix
# rows: 3
# columns: 1
 137.7446212284873
 46.75041950168068
 148.5776760947312


# name: K0
# type: matrix
# rows: 3
# columns: 1
 0.0005000000000000039
 0.01700000000000001
 0.01350000000000001


# name: K1
# type: scalar
2


# name: K2
# type: matrix
# rows: 2
# columns: 1
 -0.001714285714285715
 0.002476190476190476


# name: K22
# type: matrix
# rows: 3
# columns: 1
 137.7446212284873
 46.75041950168068
 148.5776760947312


# name: K4
# type: matrix
# rows: 3
# columns: 1
 0.05138888888888889
 0.02708333333333333
 0.01736111111111111


# name: K5
# type: matrix
# rows: 9
# columns: 1
 -14.37499287599135
 52.93060754909008
 -64.06159415547432
 -297.020739795144
 489.8889979213336
 295.3767346180202
 28.57773344462382
 -104.4148637368287
 43.990397123313


# name: L22
# type: matrix
# rows: 4
# columns: 1
 100.006
 99.98999999999999
 100.01
 100


# name: L4
# type: matrix
# rows: 6
# columns: 1
 1.05
 -0.95
 2.1
 -1.95
 0.1
 0.05


# name: L5
# type: matrix
# rows: 14
# columns: 1
 25.102
 -6.287
 10.987
 24.606
 17.993
 36.085
 -13.295
 -20.732
 18.455
 -14.896
 10.218
 4.693
 25.883
 -7.456


# name: N1
# type: scalar
10


# name: P2
# type: diagonal matrix
# rows: 3
# columns: 3
0.5
0.3333333333333333
0.3333333333333333


# name: P22
# type: diagonal matrix
# rows: 4
# columns: 4
85069.44444444441
6327.479338842973
18121.30177514793
33915.66530664849


# name: P4
# type: diagonal matrix
# rows: 6
# columns: 6
0.3333333333333333
0.3333333333333333
0.6666666666666666
0.6666666666666666
1
0.5


# name: P5
# type: diagonal matrix
# rows: 14
# columns: 14
3086.41975308642
2770.083102493075
3906.25
2267.573696145124
3460.207612456747
2267.573696145124
3086.41975308642
2066.115702479339
2066.115702479339
2267.573696145124
3460.207612456747
2500
3086.41975308642
2500


# name: PP1
# type: diagonal matrix
# rows: 3
# columns: 3
4
2
4


# name: S4
# type: scalar
100.244


# name: V
# type: matrix
# rows: 4
# columns: 1
 0.003109898569172602
 0.01910989856917256
 -0.0008901014308273988
 -0.0108901014308274


# name: V0
# type: matrix
# rows: 4
# columns: 1
 0.0005000000000000039
 0.01650000000000001
 -0.003500000000000007
 -0.01350000000000001


# name: V1
# type: matrix
# rows: 3
# columns: 1
 8
 -4
 8


# name: V2
# type: matrix
# rows: 3
# columns: 1
 -0.003428571428571429
 0.01257142857142857
 -0.007428571428571429


# name: V22
# type: matrix
# rows: 4
# columns: 1
 0.001619202078114464
 -0.01438079792188552
 0.005619202078114462
 -0.00438079792188554


# name: V4
# type: matrix
# rows: 6
# columns: 1
 0.05208333333333334
 0.05208333333333334
 0.07708333333333334
 0.07708333333333334
 0.09583333333333333
 0.05416666666666665


# name: V5
# type: matrix
# rows: 14
# columns: 1
 0.02674490782203739
 0.05374490782203844
 -0.04608730575118837
 0.2160410480833082
 -0.05621404409465756
 -0.02334239792914873
 0.06187164616550606
 0.05053679404862507
 -0.01383162298719792
 -0.03459053488087637
 0.0041543729411615
 0.0006576020708495001
 -0.01149677087031556
 -0.03033485211688195


# name: W1
# type: scalar
-20


# name: W2
# type: matrix
# rows: 2
# columns: 1
 0.016
 -0.02


# name: W22
# type: matrix
# rows: 3
# columns: 1
 -0.016
 0.02
 -0.01


# name: W4
# type: matrix
# rows: 3
# columns: 1
 -0.25
 -0.15
 -0.2


# name: W5
# type: matrix
# rows: 9
# columns: 1
 0.01200000000000045
 -0.003999999999997783
 3.552713678800501e-15
 -0.007000000000000561
 -0.3260000000000041
 -0.004999999999999005
 0.02799999999999958
 0.01900000000000102
 0.02700000000000102


# name: X
# type: matrix
# rows: 14
# columns: 1
 25.12874490782204
 -6.233255092177962
 10.94091269424881
 24.82204104808331
 17.93678595590534
 36.06165760207085
 -13.23312835383449
 -20.68146320595137
 18.4411683770128
 -14.93059053488088
 10.22215437294116
 4.693657602070849
 25.87150322912968
 -7.486334852116882


# name: X5
# type: matrix
# rows: 14
# columns: 1
 25.12874490782204
 -6.233255092177962
 10.94091269424881
 24.82204104808331
 17.93678595590534
 36.06165760207085
 -13.23312835383449
 -20.68146320595137
 18.4411683770128
 -14.93059053488088
 10.22215437294116
 4.693657602070849
 25.87150322912968
 -7.486334852116882


# name: Z4
# type: scalar
86


# name: ans
# type: scalar
159.4817393138097


# name: s02
# type: scalar
0.0001323312633159129


# name: s10
# type: scalar
6.324555320336759


# name: s20
# type: scalar
0.008772250620700538


# name: s5
# type: matrix
# rows: 1
# columns: 14
 0.018 0.019 0.016 0.021 0.017 0.021 0.018 0.022 0.022 0.021 0.017 0.02 0.018 0.02


# name: sL4
# type: scalar
0.005430315015157896


# name: sS4
# type: scalar
0.005400976


# name: sZ4
# type: scalar
9.696273622190719e-05


