# Created by Octave 4.0.0, Mon Apr 04 16:10:13 2016 CST <c34031328@localhost.localdomain>
# name: A10
# type: matrix
# rows: 6
# columns: 6
 -0.6747855610145885 -136.9812751554849 0 0 0 0
 0.7380138526113361 -125.2455984087958 0 0 0 0
 0 0 0.7782431485260211 -67.07964178115991 0 0
 0 0 0.6279630576493378 83.1327113686981 0 0
 0 0 0 0 0.5240437148049014 -213.7583510327665
 0 0 0 0 0.6279630576493378 -131.525015585449


# name: A14
# type: matrix
# rows: 6
# columns: 6
 -0.6747855610145885 -136.9812751554849 0 0 0 0
 0.7380138526113361 -125.2455984087958 0 0 0 0
 0 0 0.7782431485260211 -67.07964178115991 0 0
 0 0 0.6279630576493378 83.1327113686981 0 0
 0 0 0 0 0.5240437148049014 -213.7583510327665
 0 0 0 0 0.6279630576493378 -131.525015585449


# name: Alc
# type: matrix
# rows: 1
# columns: 6
 -0.5730452851380403 0.8195237038555151 -0.5730452851380403 0.8195237038555151 -0.5730452851380403 0.8195237038555151


# name: S0
# type: matrix
# rows: 1
# columns: 4
 0 2.6 3.969886648255842 5.099019513592785


# name: S10
# type: matrix
# rows: 1
# columns: 4
 2.8 2.6 3 3.2


# name: S14
# type: diagonal matrix
# rows: 6
# columns: 6
1.024e-05
1.903858988990436e-09
1.225e-05
2.05077449021204e-09
7.839999999999999e-06
2.291445936558639e-09


# name: S8
# type: matrix
# rows: 1
# columns: 4
 2.8 2.6 3 3.2


# name: Sld
# type: matrix
# rows: 6
# columns: 6
 4.038639814522274e-05 2.75636481795231e-05 0 0 0 0
 2.75636481795231e-05 3.544217165926751e-05 0 0 0 0
 0 0 1.664718993517397e-05 -5.449497224608482e-06 0 0
 0 0 -5.449497224608482e-06 1.900363594450705e-05 0 0
 0 0 0 0 0.0001068552324148037 6.700300615124284e-05
 0 0 0 0 6.700300615124284e-05 4.273093987789901e-05


# name: Sz10
# type: matrix
# rows: 1
# columns: 4
 0 2.6 3.969886648255842 5.099019513592785


# name: Z
# type: scalar
2.31147042810999


# name: ans
# type: scalar
3.53805717262179e-05


# name: d
# type: matrix
# rows: 4
# columns: 3
 107 53 36
 81 56 49
 89 24 51
 80 45 4


# name: d1
# type: scalar
185.608


# name: d2
# type: scalar
106.821


# name: d3
# type: scalar
250.981


# name: i
# type: scalar
4


# name: rho
# type: scalar
206264.8


# name: s95
# type: scalar
0.07560107550159137


# name: z
# type: matrix
# rows: 3
# columns: 1
 2.31147042810999
 0.6789330790257941
 1.019204409249333


# name: z1
# type: scalar
2.31147042810999


# name: z10
# type: matrix
# rows: 4
# columns: 1
 166.5736111111111
 68.52055555555556
 337.9347222222223
 238.6858333333333


# name: z2
# type: scalar
0.6789330790257941


# name: z3
# type: scalar
1.019204409249333


