# Created by Octave 4.0.1, Wed May 11 23:38:29 2016 CST <c34031328@localhost.localdomain>
# name: A
# type: matrix
# rows: 6
# columns: 3
 1 0 0
 -1 0 1
 0 1 0
 0 -1 1
 0 0 -1
 0 0 1


# name: A1
# type: matrix
# rows: 6
# columns: 1
 1
 1
 1
 1
 1
 1


# name: A18
# type: matrix
# rows: 8
# columns: 2
 5100.019963119008 1
 5200.029969378054 1
 5300.139997453749 1
 5399.89985585349 1
 5420.019878123158 1
 5519.939891696998 1
 5620.17994078941 1
 5720.079858885729 1


# name: A2
# type: matrix
# rows: 3
# columns: 2
 1 0
 0 1
 -1 -1


# name: A20
# type: matrix
# rows: 9
# columns: 3
 414671.6025 643.95 1
 409715.2081 640.09 1
 405883.6681000001 637.09 1
 403059.9169 634.87 1
 401537.6688999999 633.67 1
 400980.2329 633.23 1
 401499.6496 633.64 1
 403148.8036 634.9400000000001 1
 405921.8944 637.12 1


# name: A4
# type: matrix
# rows: 6
# columns: 3
 1 0 0
 -1 0 1
 0 1 0
 0 -1 1
 0 0 -1
 0 0 1


# name: A42
# type: matrix
# rows: 6
# columns: 3
 1 0 0
 0 0 1
 0 1 0
 0 -1 1
 0 0 -1
 0 0 1


# name: L18
# type: matrix
# rows: 8
# columns: 1
 4999.914106622913
 4999.889317504779
 5000.039095571612
 4999.660458607223
 4999.680029052085
 4999.664407815694
 4999.728997335962
 4999.54919282422


# name: L2
# type: matrix
# rows: 3
# columns: 1
 209696
 241354
 -458240


# name: L20
# type: matrix
# rows: 9
# columns: 1
 10
 11
 12
 13
 14
 15
 16
 17
 18


# name: L4
# type: matrix
# rows: 6
# columns: 1
 1.95
 -0.95
 2.1
 -1.95
 0.1
 0.05


# name: L42
# type: matrix
# rows: 6
# columns: 1
 101.95
 99.05
 102.1
 -1.950000000000003
 -99.89999999999998
 100.05


# name: P1
# type: diagonal matrix
# rows: 6
# columns: 6
2
3
1
3
4
1


# name: T18
# type: matrix
# rows: 2
# columns: 8
 100.02 200.03 300.14 399.9 420.02 519.9400000000001 620.1799999999999 720.08
 324177.1324031235 324114.1324031235 323973.1324031235 324175.1324031235 324157.1324031235 324133.1324031235 324090.1324031235 324129.1324031235


# name: T20
# type: matrix
# rows: 9
# columns: 1
 643.95
 640.09
 637.09
 634.87
 633.67
 633.23
 633.64
 634.9400000000001
 637.12


# name: V
# type: matrix
# rows: 9
# columns: 1
 -0.4531748082627018
 1.638221319888544
 2.222950555036732
 1.935092800495113
 1.156929421855239
 0.2095909920008125
 -0.8389911780614057
 -2.081380818770413
 -3.789355639033602


# name: V1
# type: matrix
# rows: 6
# columns: 1
 -0.7205000000000013
 -0.7044999999999959
 9.288499999999999
 -0.7245000000000061
 -0.7164999999999964
 -0.694500000000005


# name: V18
# type: matrix
# rows: 8
# columns: 1
 0.04254687113188993
 0.005735856688261265
 -0.2057039501305553
 0.1114869576758792
 0.07952379246853525
 0.03360032634827803
 -0.09273101900998881
 0.02554116782266647


# name: V2
# type: matrix
# rows: 3
# columns: 1
 0.6657407407407092
 0.6657407407407874
 0.6657407407407163


# name: V20
# type: matrix
# rows: 9
# columns: 1
 -0.4531748082627018
 1.638221319888544
 2.222950555036732
 1.935092800495113
 1.156929421855239
 0.2095909920008125
 -0.8389911780614057
 -2.081380818770413
 -3.789355639033602


# name: V4
# type: matrix
# rows: 6
# columns: 1
 -0.3464285714285706
 -0.346428571428572
 0.07857142857142962
 0.07857142857142763
 -0.4071428571428574
 0.2571428571428574


# name: V42
# type: matrix
# rows: 6
# columns: 1
 2.842170943040401e-14
 0.5444444444444514
 -0.2777777777777715
 -0.2777777777777715
 0.3055555555555287
 -0.4555555555555486


# name: W4
# type: diagonal matrix
# rows: 6
# columns: 6
3
3
1.5
1.5
1
2


# name: X1
# type: scalar
99.2855


# name: X18
# type: matrix
# rows: 2
# columns: 8
 5100.019963119008 5200.029969378054 5300.139997453749 5399.89985585349 5420.019878123158 5519.939891696998 5620.17994078941 5720.079858885729
 4999.914106622913 4999.889317504779 5000.039095571612 4999.660458607223 4999.680029052085 4999.664407815694 4999.728997335962 4999.54919282422


# name: X2
# type: matrix
# rows: 3
# columns: 1
 58.9146296296296
 67.70851851851856
 53.37685185185184


# name: X20
# type: matrix
# rows: 3
# columns: 1
 -0.03974296611704631
 50.23067838698626
 -15856.21907424927


# name: X4
# type: matrix
# rows: 3
# columns: 1
 1.603571428571429
 2.17857142857143
 0.3071428571428574


# name: X42
# type: matrix
# rows: 3
# columns: 1
 101.95
 101.8222222222222
 99.59444444444445


# name: Xh18
# type: matrix
# rows: 2
# columns: 1
 -0.0006159396932616801
 5003.097958225757


# name: ans
# type: scalar
0.5878228596147944


# name: i
# type: scalar
9


# name: l
# type: matrix
# rows: 6
# columns: 1
 100.006
 99.98999999999999
 89.997
 100.01
 100.002
 99.98


# name: l1
# type: matrix
# rows: 6
# columns: 1
 100.006
 99.98999999999999
 89.997
 100.01
 100.002
 99.98


# name: s2
# type: scalar
100.004


# name: ss2
# type: scalar
5.04


# name: sz2
# type: scalar
0.005555555555555556


# name: x
# type: scalar
100


# name: z2
# type: scalar
86


